2.9 3.65386
2.91 3.31492
2.92 2.9932
2.93 2.68858
2.94 2.40095
2.95 2.13018
2.96 1.87616
2.97 1.63879
2.98 1.41794
2.99 1.21352
3 1.0254
3.01 0.85348
3.02 0.697655
3.03 0.557816
3.04 0.433858
3.05 0.325676
3.06 0.233168
3.07 0.15623
3.08 0.0947627
3.09 0.0486645
3.1 0.0178365
3.11 0.00218029
3.12 0.00159842
3.13 0.0159944
3.14 0.0452728
3.15 0.0893388
3.16 0.148099
3.17 0.22146
3.18 0.30933
3.19 0.411618
3.2 0.528234
3.21 0.659089
3.22 0.804093
3.23 0.963159
3.24 1.1362
3.25 1.32313
3.26 1.52386
3.27 1.73832
3.28 1.96641
3.29 2.20805
3.3 2.46316
3.31 2.73165
3.32 3.01346
3.33 3.3085
3.34 3.61668
3.35 3.93793
3.36 4.27218
3.37 4.61933
3.38 4.97933
3.39 5.35209
3.4 5.73754
3.41 6.13559
3.42 6.54619
3.43 6.96925
3.44 7.40471
3.45 7.85249
3.46 8.31251
3.47 8.78472
3.48 9.26903
3.49 9.76538
3.5 10.2737
3.51 10.7939
3.52 11.326
3.53 11.8698
3.54 12.4253
3.55 12.9925
3.56 13.5712
3.57 14.1615
3.58 14.7632
3.59 15.3762
3.6 16.0006
3.61 16.6362
3.62 17.283
3.63 17.9409
3.64 18.6099
3.65 19.2899
3.66 19.9808
3.67 20.6827
3.68 21.3953
3.69 22.1187
3.7 22.8529
3.71 23.5976
3.72 24.353
3.73 25.1189
3.74 25.8953
3.75 26.6821
3.76 27.4793
3.77 28.2868
3.78 29.1045
3.79 29.9325
3.8 30.7706
3.81 31.6188
3.82 32.477
3.83 33.3452
3.84 34.2234
3.85 35.1115
3.86 36.0094
3.87 36.917
3.88 37.8345
3.89 38.7616
3.9 39.6983
