0 inf
0.0166667 inf
0.0333333 inf
0.05 inf
0.0666667 inf
0.0833333 inf
0.1 inf
0.116667 inf
0.133333 inf
0.15 inf
0.166667 inf
0.183333 inf
0.2 inf
0.216667 inf
0.233333 inf
0.25 inf
0.266667 inf
0.283333 inf
0.3 inf
0.316667 inf
0.333333 inf
0.35 inf
0.366667 inf
0.383333 inf
0.4 inf
0.416667 inf
0.433333 inf
0.45 inf
0.466667 inf
0.483333 inf
0.5 inf
0.516667 inf
0.533333 inf
0.55 inf
0.566667 inf
0.583333 inf
0.6 inf
0.616667 inf
0.633333 inf
0.65 inf
0.666667 inf
0.683333 inf
0.7 inf
0.716667 inf
0.733333 inf
0.75 inf
0.766667 inf
0.783333 inf
0.8 inf
0.816667 inf
0.833333 inf
0.85 inf
0.866667 inf
0.883333 inf
0.9 inf
0.916667 inf
0.933333 inf
0.95 inf
0.966667 inf
0.983333 inf
1 inf
